ID	Jan	Feb	Mar	Apr	May	June	July	Aug	Sep	Oct	Nov	Dec	Total
58505	0	0	0	0	3	3	17	6	3	0	0	0	32
81559	0	5	28	94	227	503	821	780	308	46	5	0	2817
52773	0	0	6	41	183	102	116	458	49	4	0	0	959
58521	0	0	0	0	1	10	22	8	4	1	0	0	46
122363	0	0	4	2	6	6	1	4	0	4	0	0	27
58469	0	2	32	54	47	150	41	9	7	1	0	0	343
58475	0	14	58	75	148	49	2	2	2	0	0	0	350
58513	0	0	0	0	4	87	117	3	0	0	0	0	211
58481	5	2	3	9	40	196	161	283	113	35	1	0	848
58507	0	0	0	0	96	454	42	3	0	0	0	0	595
58484	0	0	0	0	5	295	301	30	2	0	0	0	633
58478	0	0	1	38	36	23	106	138	70	7	0	0	419
58506	0	0	0	3	10	41	49	58	23	3	0	0	187
148883	7	6	4	14	11	16	18	18	13	74	71	16	268
232578	0	0	0	0	0	0	0	1	0	1	0	0	2
257634	0	0	1	0	1	5	5	20	14	3	1	1	51
148800	7	29	29	29	26	29	50	59	61	127	40	9	495
67435	29	14	13	14	8	24	50	111	149	274	99	49	834
58511	0	0	0	4	8	11	71	41	13	13	2	0	163
51311	25	28	20	13	14	12	32	57	51	78	48	33	411
229679	0	0	0	0	0	5	2	0	0	0	0	0	7
122280	0	4	7	6	23	25	21	19	16	18	13	3	155
58510	0	0	0	1	2	10	79	14	1	0	0	0	107
58514	0	0	24	76	28	75	310	135	44	26	2	0	720
147931	5	2	0	0	0	3	13	39	81	165	55	10	373
50340	27	38	127	225	203	276	497	668	895	816	216	42	4030
51349	2	15	45	91	53	100	138	152	212	255	56	6	1125
130474	9	9	7	8	11	11	7	13	13	25	20	6	139
232577	0	0	0	5	4	0	5	2	0	0	0	0	16
142988	9	8	26	68	50	51	107	155	270	434	72	19	1269
49759	37	36	45	43	54	42	69	61	61	127	50	34	659
59193	0	0	0	4	11	2	0	0	2	0	0	0	19
50071	1	12	32	76	80	96	166	119	93	32	3	0	710
148862	0	2	10	28	15	7	18	16	21	20	4	0	141
117381	0	0	0	1	2	11	14	12	9	2	0	0	51
58472	0	0	2	5	10	25	18	4	3	1	0	0	68
214670	0	0	0	0	8	26	8	2	1	0	0	0	45
148516	3	4	11	8	7	7	6	16	8	8	14	3	95
148517	16	10	8	7	10	12	22	19	22	73	70	23	292
51765	0	8	48	221	222	125	98	73	228	149	24	2	1198
133631	0	0	0	0	38	148	221	371	122	13	1	0	914
148520	0	1	1	1	6	2	5	8	3	11	4	1	43
213338	0	0	1	0	11	17	4	2	0	0	0	0	35
219499	1	1	0	1	1	3	1	1	1	1	0	0	11
59195	4	8	14	17	18	24	50	86	89	139	66	5	520
69942	8	10	12	16	8	1	1	2	2	3	4	2	69
58479	0	0	3	12	22	19	73	96	21	2	2	0	250
55785	0	0	0	6	59	81	9	0	0	0	0	0	155
52075	2	4	50	83	76	114	177	390	548	329	57	8	1838
69743	2	7	7	14	26	27	11	20	34	27	13	1	189
59192	1	0	4	2	12	20	31	22	20	14	0	0	126
59189	0	10	31	35	35	48	46	57	68	18	1	0	349
59188	4	30	96	183	107	84	44	39	39	45	10	3	684
58473	0	0	0	4	61	58	3	1	0	0	0	0	127
126118	0	0	2	4	13	34	0	0	0	0	0	0	53
122375	0	0	0	3	44	147	14	0	0	0	0	0	208
58509	0	0	0	6	8	28	158	48	21	1	0	0	270
58474	0	0	16	34	19	2	0	0	0	0	0	0	71
226361	0	2	2	6	2	4	1	4	4	2	0	0	27
58516	0	0	1	5	23	14	0	0	0	0	0	0	43
148537	11	11	8	15	14	21	18	29	15	27	45	26	240
132334	13	10	23	14	17	26	19	16	13	27	45	22	245
174535	0	1	9	12	11	10	9	4	2	0	0	0	58
59190	0	0	4	20	38	24	32	36	34	30	0	0	218
257707	3	3	7	10	3	3	7	4	6	9	10	13	78
126606	4	1	3	2	3	4	6	9	5	5	3	2	47
148522	0	3	7	0	6	13	3	11	5	13	5	0	66
214593	0	0	0	0	0	3	0	1	0	0	0	0	4
117372	0	1	0	1	8	8	0	1	0	0	0	0	19
213341	1	1	2	10	11	10	4	6	8	4	0	0	57
148866	0	0	0	0	0	4	5	19	3	0	0	0	31
117374	0	0	0	1	7	6	1	9	11	1	0	0	36
59187	0	4	62	67	46	21	5	2	0	0	0	0	207
58495	0	0	0	0	0	0	0	28	38	0	0	0	66
117373	0	0	1	1	3	8	2	0	0	0	0	0	15
58518	0	0	2	4	25	30	8	2	0	0	0	0	71
83543	0	0	7	20	9	10	12	0	0	0	0	0	58
53866	4	2	0	6	5	14	22	34	45	78	64	6	280
58476	0	0	0	0	0	12	0	0	0	0	0	0	12
148524	4	7	20	9	4	10	24	24	29	30	12	9	182
148619	3	0	0	0	1	8	10	11	4	9	3	12	61
148519	1	1	4	6	5	9	3	4	16	11	9	1	70
126162	0	0	0	0	6	34	5	0	0	0	1	0	46
148607	0	2	1	3	1	3	10	6	3	5	0	0	34
117376	0	0	0	0	0	14	14	0	2	0	0	0	30
58519	0	0	0	4	12	87	86	36	4	3	0	0	232
148804	4	9	13	9	9	1	9	12	10	12	9	10	107
148527	2	0	4	2	0	2	3	2	7	2	3	2	29
202451	6	7	8	6	22	33	33	31	23	27	23	8	227
293920	0	0	0	4	3	7	7	4	3	1	1	0	30
127929	0	0	0	12	20	24	37	14	5	0	0	0	112
148599	0	0	1	0	2	3	2	1	5	1	2	0	17
257718	0	0	1	5	0	1	1	2	0	0	0	0	10
143021	3	2	7	2	1	4	7	7	9	5	5	6	58
132077	0	2	4	4	13	1	12	26	6	1	0	0	69
148592	4	0	2	4	1	2	2	2	11	7	7	9	51
108343	0	0	3	2	1	1	4	8	11	12	0	0	42
257673	0	4	3	1	2	4	1	1	0	1	0	2	19
213336	0	0	0	2	2	5	1	6	0	0	0	0	16
204689	0	0	1	0	4	16	36	9	7	1	1	0	75
129365	0	0	1	0	2	2	8	34	8	0	0	0	55
143767	0	0	0	0	0	2	17	2	0	0	0	0	21
214598	0	0	1	4	1	0	0	0	0	0	0	0	6
122372	0	0	0	0	2	12	2	14	7	1	0	0	38
204771	0	2	7	2	11	2	2	3	7	3	0	0	39
179300	0	0	0	0	0	0	10	3	11	1	0	0	25
127928	1	0	1	7	18	36	80	49	10	0	1	1	204
257761	1	5	3	6	5	1	7	7	9	7	16	7	74
127304	0	0	7	18	10	10	10	25	15	4	0	1	100
148535	5	0	8	5	0	1	0	0	0	0	3	16	38
221225	0	0	0	0	0	1	2	0	0	0	0	0	3
148802	0	0	0	0	0	3	9	4	4	9	1	1	31
148786	0	1	0	0	1	1	5	3	3	4	3	6	27
179855	9	4	11	12	3	19	14	13	15	24	7	1	132
69863	3	5	1	4	1	4	9	18	10	7	1	5	68
194111	1	2	0	3	1	1	1	1	1	5	3	3	22
205859	0	0	0	0	0	1	1	2	2	0	0	0	6
347790	0	0	2	0	2	0	1	2	7	2	0	1	17
198808	0	0	0	0	0	13	5	0	0	0	0	0	18
148819	3	1	2	0	1	2	1	2	0	1	0	3	16
59194	0	0	0	1	9	8	85	340	206	37	1	1	688
209741	0	0	0	1	4	3	6	6	6	1	0	0	27
229680	0	0	0	0	0	1	0	0	0	0	0	0	1
58508	0	0	0	0	0	3	30	0	0	0	0	0	33
293905	0	1	0	0	0	3	3	3	1	3	0	0	14
58468	0	0	0	0	0	1	16	55	8	0	0	0	80
213331	0	0	1	4	5	0	12	14	5	3	0	0	44
58522	0	0	0	0	0	1	30	0	0	0	0	0	31
148528	1	3	10	1	3	6	8	7	1	10	15	0	65
119280	0	0	0	0	0	0	2	1	0	0	0	0	3
227114	0	0	0	0	0	0	2	5	0	0	0	0	7
223527	3	4	1	1	0	2	1	0	1	3	4	1	21
148845	4	5	7	4	6	3	4	3	3	7	2	2	50
257806	0	0	1	1	0	0	2	0	2	1	1	2	10
129415	0	0	9	20	21	14	17	34	31	17	5	1	169
212312	0	3	2	6	1	6	2	1	1	4	3	3	32
148544	0	0	0	0	0	2	1	1	0	0	0	0	4
257635	0	0	0	1	0	1	7	7	5	0	1	0	22
226071	0	0	0	0	0	1	8	3	0	0	0	0	12
148604	0	0	0	0	0	0	1	0	1	0	1	0	3
58477	0	0	0	0	10	0	14	0	0	0	0	0	24
148518	1	1	3	1	0	2	8	9	9	19	0	1	54
146728	1	3	7	17	10	7	10	17	8	19	11	6	116
122364	0	0	0	0	4	4	2	0	0	0	0	0	10
257817	1	4	1	3	3	1	7	4	14	8	6	3	55
146736	6	3	3	0	0	5	11	14	9	32	19	5	107
257717	1	0	0	2	1	0	4	3	1	2	5	0	19
213332	0	0	0	4	3	1	4	5	0	0	0	0	17
142636	0	1	0	0	8	1	3	3	2	3	1	0	22
214375	7	6	3	7	4	3	10	2	2	7	3	5	59
257636	2	4	1	2	2	1	0	3	4	3	6	7	35
143664	0	0	0	3	4	5	7	26	5	0	0	0	50
217305	0	0	0	1	1	0	3	1	0	0	0	0	6
257621	1	0	0	1	0	0	1	1	1	2	1	0	8
226902	3	3	4	1	0	1	2	4	5	6	10	4	43
218000	7	2	0	1	0	0	0	4	2	0	0	2	18
257773	0	0	0	0	0	1	0	0	1	0	0	1	3
257766	1	0	0	1	0	0	2	4	0	1	0	1	10
204779	0	1	0	3	1	0	0	1	1	0	1	0	8
257472	0	0	0	0	0	0	0	0	0	0	2	0	2
257794	0	0	2	0	1	0	4	3	0	1	2	1	14
82482	0	2	2	2	1	3	2	2	4	0	0	5	23
148521	0	0	2	1	0	0	1	4	4	1	1	1	15
257724	2	0	2	1	8	3	10	4	5	3	2	2	42
148741	0	1	1	1	1	1	1	1	0	3	2	0	12
322330	0	0	0	2	1	0	0	0	0	0	0	0	3
148541	2	0	4	4	2	4	0	0	2	3	4	3	28
257689	0	0	1	0	1	1	0	0	0	0	0	0	3
148614	4	2	3	0	1	0	0	0	1	2	2	3	18
257819	0	0	1	0	0	0	1	1	2	1	0	2	8
148843	0	0	0	0	0	0	1	0	1	3	0	0	5
205174	1	0	2	1	0	4	5	5	3	3	1	1	26
257579	1	2	1	0	0	0	0	0	0	0	0	0	4
148534	6	5	3	3	0	0	1	2	4	6	8	6	44
148789	0	2	2	0	0	0	0	0	1	0	1	2	8
257576	2	4	5	3	5	0	0	0	1	1	4	7	32
148823	0	1	4	0	1	1	0	1	0	1	3	1	13
214595	0	0	0	1	4	0	0	3	1	0	0	0	9
148594	1	2	0	0	0	0	0	1	0	0	7	1	12
257475	5	2	4	2	7	0	2	3	2	3	9	4	43
148702	1	1	2	0	1	2	3	4	3	10	16	0	43
148816	10	9	5	4	3	1	2	5	4	5	6	15	69
224544	0	1	7	5	1	0	0	0	0	3	0	0	17
148785	0	0	1	3	3	2	1	6	1	0	0	0	17
128085	0	0	0	0	5	0	1	4	0	0	0	0	10
214669	0	0	0	9	8	2	1	4	3	5	0	0	32
173418	0	0	0	1	1	0	3	3	0	0	0	0	8
148737	8	1	4	6	2	2	2	6	3	4	2	0	40
148758	0	0	0	0	0	0	1	2	0	1	0	0	4
257795	0	1	0	0	0	1	7	3	0	1	2	1	16
257436	0	0	0	1	0	1	1	1	0	0	0	0	4
213343	0	0	0	1	1	5	7	1	3	0	0	0	18
132125	1	1	0	0	0	0	0	1	0	0	2	2	7
62974	0	0	0	0	0	0	0	0	0	0	1	0	1
148542	2	1	0	3	1	1	1	1	3	6	4	2	25
213334	0	0	0	0	0	0	3	1	0	0	0	0	4
148683	2	1	3	6	4	3	5	10	2	5	3	1	45
257768	0	0	1	0	1	3	1	2	1	0	1	0	10
219496	0	1	2	0	0	2	1	0	0	0	0	0	6
143146	0	0	0	2	1	1	9	1	1	0	0	0	15
200624	0	0	1	0	0	0	1	0	0	0	1	0	3
148617	0	0	1	1	3	0	4	4	1	2	1	3	20
228426	0	1	0	0	2	3	0	0	2	6	0	0	14
219783	0	0	0	1	0	0	0	1	1	0	0	0	3
204814	0	0	1	0	1	3	2	3	6	0	0	0	16
486403	1	0	0	0	0	0	0	1	4	4	1	1	12
202432	0	0	0	0	0	2	0	0	2	1	0	0	5
218185	0	1	1	1	0	0	0	0	0	1	6	0	10
148740	0	1	1	1	3	1	3	0	2	6	20	1	39
257691	0	0	0	0	2	0	0	0	3	1	0	0	6
148766	2	1	1	0	0	0	1	3	2	1	4	1	16
257796	0	0	0	0	0	0	0	1	1	0	0	0	2
128083	0	0	4	4	2	3	0	3	6	1	2	1	26
148540	1	0	0	0	0	1	0	1	0	2	3	1	9
148805	1	1	0	0	0	2	2	1	1	2	2	0	12
148593	0	1	1	0	2	0	3	1	1	4	5	1	19
257824	0	0	0	0	1	0	0	4	1	10	0	0	16
257648	0	0	1	0	1	1	0	1	0	1	1	0	6
257580	0	0	0	0	0	0	0	0	3	1	1	0	5
204691	0	0	0	0	0	0	0	1	0	2	3	0	6
257726	0	0	1	1	0	1	3	1	0	3	2	0	12
257741	0	0	0	0	0	0	0	2	2	1	3	1	9
148893	0	0	0	0	0	0	0	1	0	0	4	0	5
148688	1	0	2	0	1	0	0	0	0	0	1	0	5
130660	4	1	1	1	0	1	1	1	2	4	1	2	19
245995	0	0	1	0	2	2	0	0	0	1	2	4	12
148748	0	2	1	1	1	0	1	2	1	0	2	0	11
257675	0	0	1	0	0	0	3	0	0	1	3	0	8
257643	0	1	0	0	0	0	0	0	0	0	1	0	2
257534	0	0	0	0	0	0	0	0	0	0	3	0	3
148871	4	1	2	1	0	0	0	0	0	8	8	1	25
257676	1	0	1	0	0	0	0	0	0	0	2	0	4
219291	1	9	4	0	0	0	0	0	0	1	1	0	16
257566	0	0	0	0	0	0	1	0	0	1	1	0	3
148600	0	0	0	1	1	0	1	3	0	2	3	4	15
130659	0	0	2	2	2	1	0	2	2	5	5	2	23
257748	0	0	3	0	2	1	5	1	3	2	3	1	21
257758	0	1	0	0	0	0	0	0	0	0	1	0	2
257607	0	1	0	1	1	0	0	1	0	0	0	1	5
257700	0	0	0	0	2	1	1	0	0	0	0	0	4
257694	0	0	0	0	0	1	0	0	0	0	0	0	1
217284	0	0	0	0	0	1	0	0	0	0	0	0	1
517964	0	0	0	0	0	1	0	0	0	0	0	0	1
221258	0	0	0	2	0	0	1	1	1	0	1	1	7
148774	0	1	0	0	0	0	0	0	0	0	0	4	5
257787	0	0	0	0	0	0	0	0	0	0	0	2	2
257559	0	0	1	1	0	0	0	1	0	0	0	1	4
257859	0	0	0	0	0	0	0	0	1	0	0	0	1
257520	0	0	0	0	0	0	0	0	0	0	0	1	1
228155	0	0	0	1	4	0	0	0	1	0	0	0	6
257783	1	0	4	0	1	0	1	2	0	2	1	4	16
293859	2	0	0	0	0	0	0	1	0	0	0	1	4
228491	4	3	0	5	0	0	2	1	0	1	0	0	16
213333	0	0	0	1	0	0	0	0	0	0	0	0	1
130662	1	1	1	0	0	1	0	0	0	0	0	1	5
148791	0	0	5	3	2	3	3	5	6	6	2	0	35
148526	1	0	1	1	1	0	1	0	1	2	2	1	11
226070	0	0	0	0	1	0	3	0	0	0	0	0	4
219497	0	0	2	3	4	1	1	0	0	0	0	0	11
199938	0	0	0	0	0	1	2	3	1	2	0	1	10
257631	1	0	0	0	0	1	1	0	1	1	1	0	6
257715	1	0	0	0	1	0	0	0	0	0	0	0	2
146611	0	0	0	1	3	0	0	1	0	0	0	0	5
221226	0	0	3	8	3	0	0	2	3	4	0	0	23
225459	0	1	0	0	0	0	1	0	0	0	0	0	2
257633	0	0	0	0	0	2	0	0	0	0	0	0	2
148860	0	0	1	0	0	1	2	0	0	4	8	1	17
258670	0	0	0	0	0	1	0	0	0	0	0	0	1
217283	0	0	0	2	1	4	1	5	2	0	0	0	15
221227	0	0	0	0	0	0	1	0	0	5	0	0	6
127302	0	0	0	2	7	0	0	0	0	0	0	0	9
221259	0	0	2	5	0	0	0	0	2	1	0	0	10
257577	0	0	0	0	0	0	1	0	0	0	0	0	1
257499	0	0	0	0	1	0	0	0	0	2	0	0	3
213340	0	0	0	0	1	0	0	0	0	0	0	0	1
214596	0	0	0	2	0	2	0	0	1	2	0	0	7
257749	0	0	0	0	0	0	0	2	0	0	0	1	3
148539	0	2	1	1	1	1	0	1	1	0	2	0	10
257683	0	0	0	0	0	3	0	1	1	1	1	0	7
257516	4	1	0	3	0	0	0	0	0	0	7	9	24
335110	1	0	0	0	0	0	0	0	0	0	1	0	2
321587	0	0	2	0	0	0	0	0	1	0	0	1	4
257771	0	0	0	0	0	1	0	0	0	0	0	0	1
148523	1	0	1	1	0	0	1	0	2	1	0	1	8
293912	0	0	1	0	1	0	1	1	0	0	0	1	5
228493	0	0	0	0	0	2	1	0	0	0	0	0	3
293898	0	0	0	0	0	0	0	1	1	0	0	0	2
257798	1	0	1	0	0	0	0	0	0	0	2	0	4
257606	0	0	0	0	0	0	0	1	1	0	0	0	2
257651	0	0	0	0	1	1	0	0	0	0	1	0	3
257562	0	0	0	0	0	0	1	1	1	0	1	0	4
204690	0	0	0	0	2	1	0	0	0	0	0	0	3
228154	0	0	0	0	1	0	3	10	0	0	0	0	14
221221	0	0	2	0	0	0	0	2	1	0	0	0	5
148832	1	1	0	0	0	1	1	0	0	0	0	1	5
148815	0	0	0	0	0	0	0	0	1	2	0	0	3
148798	0	0	1	3	0	0	1	0	0	0	0	0	5
203826	0	0	0	0	1	1	1	0	0	0	0	0	3
219784	0	1	0	0	0	0	1	0	0	1	0	0	3
219781	0	0	0	0	0	0	4	0	3	6	0	0	13
148532	0	0	0	2	0	1	2	4	1	1	0	0	11
224543	0	0	0	2	0	1	0	0	0	0	0	0	3
130666	0	0	0	0	0	0	0	0	0	0	1	0	1
257513	0	0	1	0	0	0	0	0	1	0	0	0	2
148530	0	0	2	0	2	0	2	1	0	0	0	0	7
148782	0	1	4	0	0	0	0	2	1	1	0	0	9
221224	0	0	0	1	1	0	2	0	1	0	0	0	5
213345	0	0	0	2	2	0	0	0	0	0	0	0	4
366191	0	0	0	1	0	0	1	0	1	0	0	0	3
257820	0	0	0	0	0	0	0	0	2	0	0	0	2
148613	0	0	0	0	0	0	0	0	1	0	0	0	1
293376	0	0	0	0	0	0	1	1	0	0	0	0	2
132201	0	1	1	0	1	1	0	0	1	0	0	1	6
148707	0	0	2	0	0	0	0	0	1	0	0	0	3
257592	0	0	0	0	0	0	0	0	0	0	1	0	1
148812	0	0	0	0	0	1	2	2	3	0	0	0	8
257679	0	0	0	0	0	0	3	0	1	0	0	0	4
212511	0	0	0	0	0	0	1	0	2	0	0	0	3
257753	0	1	1	0	0	0	0	0	1	0	0	1	4
257810	0	0	1	0	0	0	2	1	1	0	0	1	6
257822	0	0	0	0	0	0	1	0	0	0	0	0	1
257865	1	1	0	3	1	1	0	3	0	1	0	0	11
257625	0	0	1	0	0	0	0	0	0	0	0	1	2
148710	0	0	1	2	2	1	1	0	0	1	0	0	8
349726	0	0	0	1	0	0	0	0	0	0	0	0	1
257720	0	0	0	0	1	1	0	0	0	0	1	0	3
257725	0	0	0	0	2	0	0	0	1	3	1	1	8
257744	0	0	0	1	0	0	0	1	0	0	0	0	2
148855	0	0	0	0	0	1	1	0	0	0	1	0	3
480666	0	0	0	0	0	0	0	0	0	0	1	0	1
429276	0	0	0	0	0	0	0	0	1	1	2	0	4
257791	0	0	0	0	0	0	0	0	1	0	0	1	2
293902	0	0	0	0	0	0	2	3	2	0	1	0	8
257708	0	0	0	0	0	0	0	1	1	0	0	0	2
257762	0	0	0	0	0	0	4	1	0	2	0	0	7
148771	1	0	0	0	0	0	0	0	0	0	0	1	2
117371	0	0	0	0	0	0	2	0	0	0	0	0	2
213335	0	0	0	0	0	2	0	2	0	0	0	0	4
212709	0	0	0	1	0	0	0	0	0	1	0	0	2
256363	0	0	0	0	1	0	1	0	0	0	0	0	2
257699	0	0	0	0	0	0	0	1	0	0	0	0	1
256369	0	0	0	0	0	1	5	7	4	3	0	0	20
148867	0	1	2	0	0	0	0	0	1	1	1	0	6
130294	0	1	2	1	0	0	0	0	0	0	0	0	4
204855	0	1	0	0	0	1	0	0	0	0	0	0	2
293871	0	0	1	0	0	0	0	0	2	0	0	0	3
148783	1	0	0	0	0	0	0	0	1	1	0	0	3
257639	1	0	0	0	0	0	0	0	0	0	0	0	1
257448	0	0	0	0	0	2	0	0	0	0	0	0	2
257785	1	0	1	0	2	1	0	0	0	1	0	0	6
256367	0	0	0	0	0	0	1	2	0	0	0	0	3
148616	0	0	1	0	0	0	0	0	0	0	0	0	1
257433	0	0	0	0	0	0	2	0	0	0	0	0	2
257564	1	0	0	0	0	0	0	0	0	0	0	0	1
228492	0	0	0	0	0	0	1	1	0	0	0	0	2
293881	1	1	0	1	0	0	0	0	0	0	0	0	3
119150	0	0	0	0	0	1	3	0	0	0	0	0	4
68263	7	11	44	73	93	109	115	127	115	64	23	10	791
58523	18	61	148	354	412	409	676	806	535	201	36	24	3680
57463	0	0	0	2	62	361	66	22	1	0	0	0	514
60551	2	19	225	432	453	515	1132	1537	476	58	6	2	4857
51097	2	35	139	234	259	246	196	142	120	74	18	1	1466
49972	22	58	263	577	425	349	430	504	421	393	73	25	3540
58525	1	8	31	97	197	181	392	566	199	33	3	1	1709
68232	2	5	38	59	29	34	39	82	63	27	5	0	383
85026	11	4	10	12	14	7	11	17	11	4	13	4	118
50072	5	21	56	60	95	146	230	441	257	124	17	5	1457
226950	0	0	0	2	1	0	0	0	0	0	0	0	3
509480	6	10	8	36	33	18	31	33	30	34	18	6	263
47226	0	19	54	153	150	350	361	144	59	15	4	0	1309
55521	0	3	48	105	154	229	125	20	2	4	0	0	690
509627	5	6	37	82	45	70	93	130	145	146	28	14	801
83086	0	5	44	115	72	129	87	60	19	5	0	0	536
68265	0	0	0	2	4	9	3	3	0	0	0	0	21
68239	0	0	0	0	1	28	55	24	2	0	0	0	110
68275	23	7	18	15	23	25	37	34	22	24	14	12	254
148466	1	0	6	18	21	29	13	4	3	1	0	0	96
148751	2	2	3	5	9	3	3	10	6	2	0	0	45
245945	0	0	0	2	2	0	2	1	0	0	2	0	9
56529	0	1	20	73	74	88	137	111	91	27	13	1	636
258200	0	0	1	5	3	25	23	4	2	0	0	0	63
68279	0	0	0	0	0	13	25	15	6	0	0	0	59
509631	4	2	9	11	6	15	13	12	14	11	8	13	118
475232	0	0	0	0	0	1	0	1	0	0	0	1	3
148837	0	1	2	4	5	2	3	7	5	3	1	0	33
205140	1	1	7	7	8	8	9	3	5	16	2	4	71
258146	0	0	0	2	2	3	6	7	4	1	5	1	31
509626	0	0	0	0	0	0	1	0	1	1	0	0	3
146840	0	1	1	2	5	7	1	2	2	5	3	1	30
133450	6	4	9	11	11	13	9	14	6	5	12	8	108
257945	0	0	1	1	1	0	0	1	1	5	1	0	11
258176	0	0	0	1	2	0	0	6	2	2	0	0	13
148464	2	0	2	4	1	3	5	7	6	6	4	1	41
145586	1	0	2	2	5	6	2	5	15	3	5	1	47
204773	0	0	0	3	1	3	1	1	1	2	2	0	14
154436	0	0	0	0	0	4	4	2	1	0	0	0	11
258197	0	0	0	0	1	0	1	2	1	0	0	0	5
509478	0	0	0	0	1	0	0	0	0	2	1	0	4
258353	0	1	0	0	0	1	1	0	1	0	0	0	4
148356	1	0	0	2	6	2	1	6	5	4	0	0	27
148465	0	0	5	10	3	4	8	1	1	0	1	0	33
258178	1	0	1	0	0	0	1	1	1	0	0	0	5
258145	0	0	0	1	1	0	5	1	1	0	0	0	9
226951	0	0	0	0	1	2	0	1	0	3	0	0	7
205905	0	1	1	0	0	0	0	1	0	0	0	0	3
68281	0	0	0	0	0	2	3	0	2	0	0	0	7
354946	0	0	0	1	0	2	2	1	4	3	0	0	13
509629	0	0	1	0	1	4	4	3	0	0	1	0	14
227264	0	0	0	0	0	1	14	4	0	0	0	0	19
85024	0	0	0	0	0	0	0	0	1	0	0	0	1
81726	0	0	0	0	1	1	0	0	0	0	0	0	2
148858	0	0	0	0	3	3	1	5	2	1	0	0	15
81724	0	0	0	0	0	6	2	1	1	0	0	0	10
258067	0	0	0	1	1	0	0	0	0	0	0	0	2
198801	0	0	1	42	29	2	0	0	0	0	0	0	74
58532	34	84	115	228	150	193	261	276	338	525	127	23	2354
59119	12	35	88	259	210	239	236	134	82	80	51	12	1438
198800	0	0	0	0	0	5	33	6	2	0	0	0	46
67653	18	17	18	18	23	43	43	35	61	105	67	38	486
58531	2	6	8	13	32	67	143	154	246	129	32	0	832
59120	0	0	15	20	29	24	0	0	0	0	0	0	88
55626	52	136	469	450	487	786	849	786	708	434	123	39	5319
48550	37	42	39	73	48	60	118	327	410	484	117	62	1817
204775	18	8	19	23	28	26	19	24	27	27	16	17	252
148470	2	0	3	3	1	3	2	6	0	5	6	3	34
144187	16	14	11	3	11	13	18	36	25	136	84	20	387
129362	22	26	20	56	31	22	38	56	87	168	153	34	713
51536	61	44	34	80	63	69	90	75	50	51	68	47	732
148672	2	2	1	1	0	0	0	1	1	1	2	1	12
148488	2	0	2	0	0	0	0	1	0	5	0	1	11
81727	20	18	28	71	91	77	98	166	145	162	98	32	1006
148818	6	8	7	7	12	11	12	9	5	17	14	19	127
67324	21	21	18	14	13	29	24	34	16	21	30	27	268
59124	5	91	157	203	87	22	3	0	0	1	0	0	569
51773	29	40	62	146	116	99	81	89	109	212	154	38	1175
258189	6	5	4	4	0	1	2	1	1	2	1	2	29
198821	0	0	0	8	62	23	46	6	1	0	0	0	146
122172	21	7	15	38	67	100	127	158	181	255	134	35	1138
59118	1	3	13	10	1	4	1	0	0	0	0	0	33
209721	0	0	0	0	2	6	8	2	0	0	0	0	18
82481	3	61	97	59	38	38	24	14	2	0	0	0	336
204096	0	6	7	8	9	10	14	8	3	0	2	0	67
81734	0	0	0	0	2	4	32	38	16	0	0	0	92
117317	0	1	3	5	8	13	8	7	3	8	0	0	56
293998	2	0	0	0	0	0	2	1	2	1	1	0	9
199298	1	0	24	6	1	0	0	0	0	0	0	0	32
62500	13	13	22	23	24	27	36	43	51	115	66	45	478
48578	18	14	16	6	3	13	38	41	16	24	6	15	210
122374	6	0	2	10	22	16	22	26	16	22	11	9	162
228118	0	0	0	0	0	7	1	0	0	0	0	0	8
294011	4	0	1	1	2	2	2	0	0	0	0	0	12
133417	7	3	2	2	7	11	13	17	19	31	6	13	131
209718	0	0	0	2	2	9	19	17	3	0	0	0	52
225692	0	0	0	0	0	3	0	0	0	2	0	0	5
117338	0	0	0	0	0	1	0	0	0	0	0	0	1
148856	6	6	9	9	3	10	25	38	18	10	4	9	147
130661	33	17	10	7	15	16	25	23	30	62	49	51	338
69852	0	0	4	2	1	1	0	0	0	0	0	0	8
148475	8	11	14	2	11	9	8	16	7	23	11	10	130
69844	0	19	94	60	9	0	0	0	0	0	0	0	182
117316	0	0	0	0	0	1	9	0	0	0	0	0	10
217392	0	0	0	0	0	0	1	0	0	0	0	0	1
122377	4	6	6	7	7	9	13	10	4	11	15	6	98
213959	0	2	6	1	1	7	12	2	5	2	4	3	45
258187	0	0	0	0	0	0	1	0	0	0	0	0	1
81732	2	8	1	13	4	10	9	14	4	6	4	17	92
133416	16	13	17	9	11	4	18	20	17	30	22	9	186
148463	4	2	1	4	4	2	6	5	0	6	4	3	41
229681	4	2	1	2	3	1	14	14	5	4	0	3	53
258215	0	0	0	1	0	1	1	1	0	3	0	0	7
199461	6	4	2	2	2	0	0	1	3	3	8	6	37
199292	0	0	1	2	3	4	1	1	0	0	0	0	12
217395	0	0	0	0	0	0	1	1	0	0	0	0	2
217391	0	0	0	0	0	1	1	0	0	0	0	0	2
148487	1	1	0	0	0	0	0	2	1	5	1	0	11
58527	0	0	5	10	12	2	0	0	0	0	0	0	29
258672	0	0	1	0	1	3	1	4	2	2	2	3	19
258185	4	0	1	1	1	0	0	3	3	8	3	6	30
132331	2	2	0	2	1	0	1	2	6	3	2	0	21
217396	0	0	0	0	0	6	7	2	0	0	0	0	15
217398	0	0	0	0	0	0	1	0	0	0	0	0	1
293980	0	2	0	0	2	0	0	0	0	3	0	0	7
293982	0	0	0	0	0	0	0	0	0	0	0	1	1
257925	0	0	0	0	0	3	2	1	0	0	0	0	6
116699	0	0	1	1	0	1	1	1	0	0	0	1	6
142775	0	0	0	0	0	0	6	5	1	0	0	0	12
258363	0	0	0	0	1	0	0	1	1	0	0	0	3
246087	1	1	1	1	2	1	0	0	0	1	2	0	10
209719	0	0	1	4	0	0	0	0	0	0	0	0	5
148468	0	0	0	1	2	0	0	0	0	0	0	1	4
258065	0	0	0	1	1	1	0	1	1	1	0	0	6
256372	0	1	0	0	0	0	0	0	0	0	0	1	2
58539	0	0	0	5	25	122	139	11	0	0	0	0	302
54009	0	0	0	2	1	12	28	13	4	0	0	0	60
520407	0	0	0	0	0	1	11	3	0	0	0	0	15
59126	0	0	0	4	74	48	8	0	1	0	0	0	135
210423	0	4	37	30	10	0	0	0	0	0	0	0	81
122381	8	10	49	223	310	334	466	505	533	153	24	14	2629
82792	0	3	4	4	31	117	205	161	69	5	1	0	600
84662	0	0	0	14	58	24	20	6	1	3	0	0	126
59159	0	0	0	3	53	54	1	0	1	0	0	0	112
52484	5	60	137	142	198	210	56	47	16	11	2	0	884
58556	0	2	27	99	71	20	0	0	0	1	0	0	220
122382	2	1	3	6	21	28	13	2	3	0	0	0	79
122385	0	0	0	0	0	4	2	0	0	0	0	0	6
198817	0	1	3	5	5	0	0	0	0	0	0	0	14
122281	8	18	61	80	101	105	96	199	204	93	12	2	979
132553	17	17	29	32	19	21	19	11	14	67	88	29	363
362136	0	2	0	2	2	2	0	1	2	1	0	1	13
69940	41	22	33	41	56	72	96	112	119	163	99	37	891
520456	1	12	62	78	187	196	192	141	85	55	4	0	1013
56776	1	20	137	103	96	198	25	0	0	0	0	1	581
346970	0	4	92	71	9	6	1	0	0	0	0	0	183
53843	16	31	55	77	53	71	109	125	180	205	108	22	1052
50931	27	91	109	481	383	382	469	562	700	543	68	8	3823
54024	0	0	0	4	31	33	7	0	0	0	0	0	75
59134	0	0	0	1	38	27	26	2	0	0	0	0	94
118914	13	3	64	155	201	155	133	117	71	75	41	25	1053
58543	0	12	71	105	121	58	2	0	1	1	0	0	371
59138	0	0	0	6	58	71	53	10	0	0	0	0	198
58534	0	0	0	0	3	45	46	52	62	18	0	0	226
55655	3	1	23	69	117	152	208	165	188	93	10	2	1031
59152	7	11	20	69	172	170	178	158	123	91	69	18	1086
148834	0	0	2	2	0	3	2	2	0	0	0	0	11
81967	0	0	6	26	33	34	9	0	0	0	0	0	108
215772	0	0	0	8	18	3	0	0	0	0	0	0	29
148801	4	0	1	8	6	9	21	10	4	7	9	6	85
84239	3	34	119	144	97	89	95	32	40	8	0	0	661
54081	0	0	0	2	6	5	0	0	0	0	0	0	13
144271	0	0	0	0	2	10	1	0	0	0	0	0	13
81566	0	0	0	0	0	33	36	1	0	0	0	0	70
81729	0	0	3	9	25	40	45	34	4	2	0	0	162
50075	10	8	7	15	5	11	10	5	3	5	5	2	86
58550	1	0	5	41	81	15	0	0	0	0	0	0	143
59128	9	20	28	41	49	21	31	36	68	120	27	6	456
484122	0	0	0	0	3	15	8	2	1	0	0	0	29
122383	0	0	0	3	4	42	48	34	17	1	1	0	150
117335	0	0	0	0	0	0	13	14	1	0	0	0	28
520457	0	2	22	82	59	59	76	17	1	0	0	0	318
59136	0	0	1	0	13	34	6	0	0	0	0	0	54
59144	0	0	1	3	4	15	13	7	0	0	0	0	43
127303	0	26	44	53	24	2	0	0	0	0	0	0	149
127490	0	4	6	19	11	5	8	29	40	16	0	1	139
294015	10	3	8	1	4	6	7	1	0	2	3	0	45
117336	0	0	0	0	0	6	36	22	2	0	0	0	66
59123	0	0	0	1	7	28	24	15	1	0	0	0	76
69824	0	0	0	0	0	17	25	28	7	0	0	0	77
225163	0	1	0	2	7	6	14	12	4	5	0	1	52
51534	33	36	31	37	32	35	20	17	19	38	34	22	354
117346	0	0	0	2	1	16	7	0	0	0	0	0	26
258230	1	1	0	1	0	4	1	0	1	2	1	1	13
293954	2	0	1	0	0	3	2	0	1	0	3	6	18
148839	4	0	0	1	0	3	4	1	0	0	1	4	18
258214	0	0	0	0	1	0	1	1	1	2	0	0	6
258255	0	0	0	0	0	0	3	0	0	0	0	0	3
209725	0	0	0	1	1	16	20	3	0	0	0	0	41
59125	0	0	0	1	31	65	9	0	0	0	0	0	106
148795	7	2	4	3	3	8	7	8	3	0	3	6	54
198804	0	0	0	0	0	25	84	11	0	1	0	0	121
58541	0	0	0	0	6	21	86	12	1	0	0	0	126
126589	10	42	88	49	57	42	35	14	22	105	45	9	518
520398	0	0	0	5	4	44	49	5	1	0	0	0	108
196543	3	1	2	3	4	6	8	3	9	11	12	5	67
148497	6	7	2	3	2	8	5	0	3	3	1	0	40
198803	0	0	0	0	0	2	41	0	0	0	0	0	43
257932	10	2	9	8	5	7	8	12	11	7	2	8	89
122365	0	0	0	0	3	4	2	0	0	0	0	0	9
117345	0	0	2	0	10	18	8	0	0	0	0	0	38
56243	0	0	0	0	0	1	0	0	0	0	0	0	1
219488	1	1	1	6	0	1	0	1	1	0	0	0	12
142639	0	0	0	0	0	14	56	2	0	0	0	0	72
216349	0	0	0	0	0	1	0	0	0	0	0	0	1
193874	7	1	0	5	3	9	7	5	4	3	12	11	67
59127	1	0	2	5	6	16	18	41	24	26	2	0	141
130785	0	0	0	0	4	10	30	4	0	0	0	0	48
209733	0	0	0	0	0	17	21	1	0	0	0	0	39
117333	0	0	0	0	0	5	37	14	0	0	0	0	56
117322	0	0	0	0	1	9	22	2	2	0	0	0	36
122379	0	0	0	10	4	1	1	0	0	0	0	0	16
198805	0	0	0	0	0	8	43	0	0	0	0	0	51
367948	0	0	0	0	0	9	25	6	2	0	0	0	42
58536	0	0	0	0	0	0	33	15	1	0	0	0	49
148769	0	1	1	0	2	0	6	9	7	5	0	1	32
205153	0	0	0	3	55	3	0	0	0	0	0	0	61
179678	0	0	2	0	2	9	13	0	1	0	0	0	27
122384	0	0	0	0	0	2	15	10	1	0	0	0	28
224167	0	0	0	0	0	0	7	4	0	0	0	0	11
148849	1	0	0	1	0	0	1	1	2	0	0	0	6
117360	1	4	4	12	13	29	31	16	12	1	4	0	127
117339	0	0	1	2	2	2	6	1	0	0	0	0	14
130300	4	6	8	10	15	7	11	12	11	12	10	4	110
125537	8	12	23	16	13	14	7	12	21	16	6	7	155
230441	0	0	1	32	42	5	3	0	0	0	0	0	83
148496	3	2	11	0	3	2	3	3	4	0	5	4	40
148495	1	0	3	1	1	3	3	0	1	0	4	3	20
258094	1	0	0	0	0	0	0	0	0	0	0	0	1
257939	6	1	0	2	0	1	2	0	0	0	0	0	12
205152	2	1	3	3	3	2	0	1	1	8	29	6	59
148731	0	0	0	0	0	0	1	3	0	0	0	0	4
258330	0	1	0	0	0	0	0	0	0	0	0	0	1
148835	0	2	2	2	2	1	0	1	3	6	6	0	25
121993	11	14	27	15	27	23	20	35	29	45	11	15	272
194335	3	5	11	8	2	1	0	2	4	7	6	1	50
123312	7	0	5	7	8	7	4	6	9	6	10	5	74
148734	1	0	0	2	2	0	0	1	3	5	1	0	15
258232	0	0	0	0	0	0	0	0	0	0	1	0	1
258445	0	0	0	0	0	0	0	0	0	1	0	0	1
258211	0	0	2	2	0	0	3	1	3	6	12	0	29
59135	0	0	1	1	6	9	0	0	0	0	0	0	17
221964	0	0	0	0	0	3	7	6	1	0	0	0	17
346978	0	3	4	1	2	4	0	1	0	1	0	0	16
258389	0	0	0	0	0	0	0	0	0	1	2	0	3
219773	0	0	0	0	0	0	0	1	1	0	0	0	2
258181	0	0	0	1	1	2	0	0	2	1	0	1	8
258370	1	0	0	0	0	0	0	0	0	0	3	4	8
130219	0	5	4	5	4	3	5	3	1	0	1	0	31
148750	0	0	0	0	0	2	0	0	0	5	3	2	12
204641	1	3	3	3	2	0	2	2	5	1	2	4	28
257992	0	0	0	0	0	1	0	0	0	0	0	0	1
217941	0	0	0	0	1	2	0	0	0	0	0	1	4
258080	1	1	5	1	0	1	1	0	3	1	1	2	17
257940	0	0	0	0	0	0	0	0	0	0	0	1	1
294004	0	0	0	0	0	0	0	0	1	0	2	0	3
215450	1	2	1	4	6	0	2	0	1	0	3	3	23
198815	0	0	0	0	4	0	0	0	0	0	0	0	4
55641	0	0	0	34	111	133	173	163	115	33	6	0	768
148491	0	1	0	1	1	1	0	0	0	0	0	0	4
82793	0	0	0	0	0	2	1	0	0	0	0	0	3
148489	3	1	7	9	8	1	7	13	9	3	1	2	64
257937	0	1	0	1	0	0	0	0	2	0	0	0	4
59153	0	20	26	6	1	0	0	0	0	0	0	0	53
258170	0	0	2	0	2	1	4	1	2	2	0	0	14
520392	0	0	3	1	4	2	4	2	1	1	0	0	18
130321	0	0	0	1	0	1	1	2	0	1	1	0	7
257967	0	0	0	1	0	0	4	0	1	0	0	0	6
258150	0	0	0	0	0	0	2	0	0	0	0	0	2
230445	0	0	0	0	0	4	2	0	0	0	0	0	6
117334	0	0	0	0	0	3	5	1	0	0	0	0	9
257938	0	0	0	0	0	0	2	0	0	0	0	0	2
210814	0	1	1	3	0	6	0	0	0	0	0	0	11
104876	0	0	0	0	1	3	0	0	0	0	0	0	4
132536	1	3	1	1	1	1	1	1	0	3	1	1	15
258233	0	0	0	0	0	0	0	0	0	0	0	1	1
520381	0	0	0	0	1	0	0	1	0	0	0	0	2
148781	0	0	0	0	0	0	1	1	0	1	0	0	3
258377	0	0	0	0	0	0	0	0	0	1	0	0	1
62587	0	0	0	0	1	1	2	0	0	0	0	0	4
215770	0	0	0	1	0	0	0	0	0	0	0	0	1
60896	0	0	11	49	56	26	1	0	0	0	0	0	143
256377	1	0	0	0	0	0	0	0	0	0	0	0	1
113324	0	0	0	0	0	0	1	3	0	0	0	0	4
215771	0	0	12	0	5	0	1	0	0	0	0	0	18
122013	1	0	0	3	7	1	0	2	2	1	0	0	17
258013	0	0	0	1	0	2	1	0	0	0	0	1	5
122371	0	3	16	10	6	10	0	0	0	0	0	0	45
485087	0	0	2	1	1	0	0	0	0	0	0	0	4
217940	0	0	0	0	0	1	0	0	2	1	0	0	4
219774	0	0	0	0	0	0	1	1	0	0	0	0	2
258260	1	0	0	0	1	0	0	0	0	0	0	0	2
258168	1	0	0	1	0	1	0	0	0	0	0	0	3
258390	0	0	1	1	0	0	0	1	0	1	0	1	5
148494	0	0	0	0	0	0	0	1	0	0	1	1	3
293968	0	0	1	0	0	0	1	0	0	0	0	0	2
230444	0	0	0	1	3	0	0	1	0	0	0	0	5
474836	0	0	0	0	0	0	0	1	0	0	0	0	1
258391	0	0	0	0	0	0	0	0	1	0	0	0	1
257968	0	0	0	0	0	0	0	1	1	0	0	0	2
257969	0	0	0	0	0	0	0	1	1	0	0	0	2
257933	0	0	1	0	1	0	1	0	1	0	0	0	4
483726	0	0	0	0	0	3	8	2	0	0	0	0	13
257913	0	0	0	0	0	0	0	0	0	1	2	1	4
230442	0	0	0	0	0	0	1	2	0	0	0	0	3
218965	1	1	2	1	2	2	2	2	0	1	0	0	14
148493	0	0	0	2	0	2	2	1	2	0	1	1	11
258443	0	0	0	0	0	0	0	0	0	0	1	0	1
219772	0	0	0	0	0	0	4	3	1	0	0	0	8
293953	0	0	0	0	0	0	0	0	2	0	0	0	2
257934	1	0	0	1	0	0	0	1	1	0	0	0	4
258261	1	1	0	0	0	0	0	1	0	0	0	0	3
293995	0	0	0	0	0	0	0	1	0	0	0	0	1
258048	0	0	0	0	0	0	0	0	2	0	0	0	2
148730	0	0	0	0	0	0	0	1	0	0	0	0	1
224166	0	0	0	0	0	2	8	0	0	0	0	0	10
258366	0	0	0	0	0	0	0	1	0	0	0	0	1
258384	0	0	0	0	0	0	0	0	1	0	0	0	1
258028	0	1	0	0	0	0	0	0	0	0	0	0	1
198816	0	0	0	0	1	1	0	0	0	0	0	0	2
231838	2	1	1	3	0	0	0	0	1	0	0	0	8
294005	0	0	1	0	0	0	0	0	0	0	1	0	2
258382	0	1	0	0	1	0	0	0	0	0	0	0	2
258374	0	0	0	0	0	1	0	1	1	0	0	0	3
59160	0	0	0	0	0	1	0	0	0	0	0	0	1
258387	1	0	0	0	0	1	0	0	0	0	0	1	3
129363	5	7	13	27	18	19	23	27	32	41	34	1	247
148831	6	3	8	6	5	5	9	3	11	29	28	6	119
59165	1	3	5	5	5	4	5	39	46	26	0	0	139
148508	10	8	6	10	3	5	10	12	6	8	6	12	96
119068	0	4	44	58	47	24	34	31	56	30	4	4	336
181057	1	1	1	3	7	1	5	1	3	2	0	0	25
258407	2	0	0	0	1	0	0	0	0	0	0	0	3
193851	0	1	4	8	5	0	1	11	4	5	2	0	41
148746	15	6	4	8	4	6	12	5	16	19	15	14	124
215703	1	1	1	7	3	5	8	1	7	10	0	1	45
214020	0	0	0	2	8	3	10	18	10	5	0	0	56
148667	0	1	1	0	0	2	0	0	2	1	0	1	8
293955	0	0	3	0	3	6	4	2	5	1	0	2	26
148808	9	1	8	3	2	6	10	3	11	9	12	10	84
182712	0	0	0	2	0	2	1	7	2	2	0	0	16
148506	13	17	10	4	11	6	24	18	10	23	35	15	186
214019	0	0	0	0	0	4	2	0	0	0	0	0	6
205821	0	0	0	0	0	7	8	0	0	0	0	0	15
124398	4	1	3	0	2	6	15	10	7	6	7	4	65
294021	0	2	3	0	1	5	2	4	4	2	4	0	27
214017	0	0	0	0	1	1	1	1	1	0	0	0	5
148854	0	2	2	4	4	1	1	1	0	4	2	3	24
258452	0	0	1	0	0	0	6	4	1	0	0	0	12
148504	8	2	1	3	2	3	3	2	3	12	15	27	81
450292	0	2	1	0	0	1	3	2	1	1	0	2	13
258237	1	1	1	1	1	0	5	3	5	2	1	0	21
205870	0	0	0	0	0	1	1	1	0	0	0	0	3
293996	0	0	0	1	4	1	3	5	4	2	3	3	26
258252	1	2	0	1	0	0	0	0	1	2	0	1	8
148752	1	0	2	1	1	0	5	1	1	0	0	2	14
293952	3	0	2	1	0	1	2	1	6	8	6	2	32
148833	1	0	2	5	5	3	8	3	5	13	15	3	63
148747	1	0	1	0	0	0	3	0	0	0	0	2	7
258133	0	0	1	0	0	0	0	0	0	0	0	0	1
148753	0	3	1	0	0	1	2	2	3	4	0	0	16
148505	0	0	0	2	2	1	3	2	2	1	2	2	17
148503	0	0	0	0	2	0	1	1	1	0	1	0	6
258222	0	0	0	0	0	0	0	1	0	1	0	0	2
258137	1	1	0	0	0	0	0	0	2	1	5	5	15
472811	2	0	0	0	0	2	1	2	0	0	1	0	8
257929	0	0	0	0	1	1	0	1	1	1	0	0	5
293961	0	1	1	1	1	0	1	0	0	0	0	1	6
258136	0	0	0	0	0	0	0	0	1	1	0	2	4
484480	3	0	1	1	0	0	0	0	0	0	0	2	7
312079	1	1	0	0	0	0	0	0	2	0	0	1	5
258103	0	0	0	0	0	0	0	0	1	0	0	0	1
257982	0	0	0	0	0	0	0	1	2	0	0	0	3
258218	0	0	1	1	2	0	0	0	0	0	0	0	4
214018	0	4	4	7	6	1	1	3	8	4	0	0	38
215704	0	3	5	2	3	1	0	0	0	1	0	0	15
258104	0	0	0	0	0	2	0	1	0	0	0	0	3
258041	0	0	1	0	0	0	4	2	2	2	0	0	11
257914	0	0	0	0	1	0	0	2	0	0	1	1	5
142638	0	0	0	0	0	0	1	4	1	0	0	0	6
312080	0	0	0	0	0	0	0	2	0	0	0	2	4
257898	0	0	0	0	0	0	2	0	0	0	0	0	2
148664	0	0	0	0	0	1	0	3	0	0	0	0	4
258250	0	0	1	0	3	0	1	1	2	0	0	1	9
197021	0	0	0	0	0	0	1	2	2	0	0	0	5
258051	0	0	0	0	0	0	0	0	2	0	0	0	2
293957	0	0	0	0	0	0	0	1	0	0	0	0	1
293979	0	0	1	0	0	0	0	1	0	0	0	0	2
294070	0	0	0	0	0	1	1	0	0	0	0	0	2
148838	1	0	0	0	0	1	0	2	2	0	0	1	7
257928	0	0	0	0	0	0	1	0	1	1	0	0	3
257952	0	0	0	0	0	0	0	1	0	0	0	0	1
258010	0	0	0	0	0	0	0	1	0	0	0	0	1
